function c=my_JpegChrQuanTable()
c=[
1	1	2	4	6	11	11	11;
1	1	2	4	8	11	11	11;
2	2	3	4	11	11	11	11;
4	4	4	5	11	11	11	11;
6	8	11	11	11	11	11	11;
11	11	11	11	11	11	11	11;
11	11	11	11	11	11	11	11;
11	11	11	11	11	11	11	11];       